7
448
202
66
202
191
64
209
389
448
335
312
190
117
500
10
444
218
117
90
443
256
167
161
153
321
52
365
174
117
100
155
60
431
111
406
153
290
402
316
339
434
173
402
58
463
15
265
476
83
193
337
248
93
197
242
427
325
158
170
406
120
476
234
455
87
169
275
289
49
428
440
30
276
403
69
151
239
291
257
202
292
382
188
420
193
37
308
358
25
22
357
22
135
420
255
321
237
87
98
474
141
321
68
463
499
335
368
111
139
38
440
162
441
9
452
163
316
1
34
299
186
46
189
167
276
323
289
422
427
437
82
332
399
413
149
48
64
320
247
319
123
79
175
325
314
278
101
222
39
41
410
396
203
321
204
286
426
172
328
178
1
237
287
265
466
62
219
353
115
242
256
355
11
257
393
30
285
238
162
286
469
17
441
286
386
146
187
348
113
444
438
52
485
404
416
354
460
227
362
354
378
355
406
70
4
163
309
404
331
3
77
340
8
14
239
386
395
250
464
57
6
155
285
180
434
229
150
226
122
154
356
156
386
91
261
192
192
483
170
20
273
224
420
262
127
161
373
287
178
53
154
237
399
363
165
136
281
252
478
368
352
281
5
460
279
15
201
166
409
139
454
496
203
415
118
337
288
245
363
10
396
140
160
10
301
133
53
160
266
49
45
132
466
131
168
462
299
385
152
369
296
99
232
139
128
456
410
48
305
371
404
127
212
288
297
349
236
265
332
488
94
2
176
471
1
367
431
341
407
223
21
9
119
394
198
440
9
59
494
498
41
319
261
188
34
293
436
427
412
483
113
377
208
76
370
341
383
282
499
287
385
412
79
21
485
398
415
129
187
340
249
114
472
442
62
160
428
256
15
246
441
275
95
37
11
70
404
292
130
142
291
339
157
68
104
291
193
425
485
140
179
456
58
194
177
335
104
226
62
265
23
285
226
278
218
101
440
360
114
16
214
200
282
275
140
195
262
40
279
249
487
196
14
413
443
468
166
324
485
120
260
401
445
439
421
394
20
449
250
309
283
86
311
127
204
122
267
114
237
50
374
378
410
220
338
486
225
382
318
456
38
69
167
460
8
426
401
483
419
145
361
133
424
490
173
251
476
418
279
205
267
480
302
484
110
329
272
134
446
